2015/16财年 | 2016/17财年 | 2017/18财年 | 2018/19财年2 | 2019/20财年
温室气体排放（公吨二氧化碳当量）
范围1 | 7,068 | 8,294 | 6,371 | 6,031 | 7,766
范围2（基于地点） | 228,493 | 213,637 | 193,760 | 201,321 | 162,597
2015/16财年 | 2016/17财年 | 2017/18财年 | 2018/19财年 | 2019/20财年
范围1及范围2总计（基于地点） | 235,561 | 221,931 | 200,131 | 207,352 | 170,363
范围2（基于市场） | 203,041 | 185,400 | 176,800 | 26,029 | 23,852
范围3 | 2015/16财年 | 2016/17财年 | 2017/18财年 | 2018/19财年 | 2019/20财年
差旅 | 39,000 | 58,000 | 49,000 | 53,500 | 46,900
产品运输11 | 326,840 | 351,100 | 359,000 | 633,000 | 716,384
废弃物排放12 | 2,149 | 2,390 | 1,700 | 1,920 | 2,110
员工通勤 | 26,300 | 23,800 | 20,100 | 23,600 | 24,900
已购入商品及服务13 | 1,646,141 | 2,054,900 | 1,855,000 | 2,000,874 | 2,341,000
燃料及能源相关活动（未计入范围1或2）14 | 14,664 | 12,300 | 11,900 | 12,100 | 10,385
售出产品的使用15 | 12,000,000 | 11,600,000 | 11,847,000 | 12,885,000 | 13,669,000
售出产品报废处置15 | 290,000 | 280,000 | 271,000 | 273,500 | 274,000
资本货物16 | 227,700 | 101,000 | 246,000 | 127,500 | 446,500
总计 | 14,572,794 | 14,483,490 | 14,660,700 | 15,805,120 | 17,531,179
排放密度：温室气体排放 — 范围1及范围2
（基于地点） | 2015/16财年 | 2016/17财年 | 2017/18财年 | 2018/19财年 | 2019/20财年
（公吨╱百万美元收入） | 5.25 | 5.16 | 4.41 | 4.06 | 3.36
运营消耗能源强度 — 范围1及范围2 | 2015/16财年 | 2016/17财年 | 2017/18财年 | 2018/19财年 | 2019/20财年
（基于地点）（兆瓦时╱百万美元收入）
燃料消耗 | 0.74 | 0.94 | 0.77 | 0.61 | 0.69
外购能源（电力、蒸汽、冷却） | 6.97 | 6.74 | 6.57 | 6.20 | 5.77