环境数据
2015/16财年 | 2016/17财年 | 2017/18财年 | 2018/19财年2 | 2019/20财年
范围2（基于地点）巴西 | 2,111.05 | 1,767.91 | 2,089.96 | 1,997 | 1,566
中国大陆 | 175,102.84 | 169,055.32 | 153,233.45 | 161,087 | 124,336
德国 | 1,764.50 | 1,784.78 | 1,684.90 | 1,761 | 1,612
印度 | 4,399.98 | 3,929.03 | 3,435.42 | 3,058 | 2,914
日本 | 5,982.48 | 5,660.41 | 5,298.89 | 5,047 | 5,754
墨西哥 | 3,436.61 | 3,990.51 | 3,273.10 | 3,462 | 5,029
中国台湾 | 1,906.53 | 1,714.77 | 2,167.49 | 2,231 | 2,091
美国 | 29,090.31 | 20,973.74 | 18,297.63 | 18,615 | 15,220
其它地区18 | 4,698.77 | 4,760.80 | 4,279.26 | 4,062 | 4,075
2015/16财年 | 2016/17财年 | 2017/18财年 | 2018/19财年 | 2019/20财年
可再生能源
太阳能（兆瓦时） | 221 | 1,607 | 3,713 | 3,938 | 4,226
发电量（兆瓦）19 | 0.3 | 5.5 | 5.5 | 12.42 | 16
2015/16财年 | 2016/17财年 | 2017/18财年 | 2018/19财年 | 2019/20财年
水（兆升）20
用水量21 | 1,366.83 | 1,429.61 | 1,385.08 | 1,391.30 | 1,307
缺水区域的用水量22 | 不适用 | 不适用 | 不适用 | 不适用 | 322
排放量 | 1,298.43 | 1,351.41 | 1,260.99 | 1,256.40 | 1,183
缺水区域的排放量22 | 不适用 | 不适用 | 不适用 | 不适用 | 298
耗水量 | 68.402 | 78.205 | 124.094 | 134.9 | 124
缺水区域的耗水量22 | 不适用 | 不适用 | 不适用 | 不适用 | 24
废水超标量 | 0 | 0 | 0 | 0 | 0
2015/16财年 | 2016/17财年 | 2017/18财年 | 2018/19财年 | 2019/20财年
废弃物（以公吨计）23
再利用/循环再利用/转售 | 34,810 | 38,349 | 39,093 | 38,217 | 36,375
废弃物转化为能源(WTE) | 92 | 164 | 1,455 | 1,586 | 1,745
焚化 | 611 | 374 | 312 | 2,156 | 2,576
堆填 | 4,529 | 5,146 | 3,517 | 3,481 | 2,327
无害废弃物总量 | 40,042 | 44,033 | 44,377 | 45,439 | 43,023
有害废弃物总量 | 79 | 68 | 75 | 66 | 74
2015年份 | 2016年份 | 2017年份25 | 2018年份25 | 2019年份
产品报废管理(PELM)处置情况（以公吨计）24
再利用25 | 778 | 710 | 918 | 652 | 1,557
循环再利用25 | 14,620 | 26,569 | 22,808 | 18,919 | 24,856
废弃物转化为能源(WTE) | 507 | 907 | 826 | 845 | 987
焚化 | 804 | 233 | 284 | 338 | 1,126
堆填 | 1,891 | 656 | 336 | 255 | 159
总计 | 18,600 | 29,075 | 25,171 | 21,010 | 28,685