环境数据
2015/16财年 | 2016/17财年 | 2017/18财年 | 2018/19财年2 | 2019/20财年
按主要能源划分的能源消耗（吉焦）
燃料 | 120,107.39 | 144,929 | 125,041 | 111,257 | 126,548
电力 | 1,035,664.26 | 969,914 | 955,624 | 979,486 | 979,740
蒸汽 | 83,097.04 | 64,290 | 108,649 | 144,240 | 66,051
冷却 | 8,137.37 | 10,202 | 8,599 | 9,016 | 7,731
总计 | 1,247,006.06 | 1,189,335 | 1,197,913 | 1,243,999 | 1,180,071
2015/16财年 | 2016/17财年 | 2017/18财年 | 2018/19财年 | 2019/20财年
按来源划分的直接能源消耗（燃料详情）（吉焦）
汽油/柴油（固定燃烧） | 3,959 | 33,350 | 5,461 | 10,321 | 6,442
天然气（固定燃烧） | 106,018 | 102,950 | 113,470 | 94,476 | 115,375
液化石油气(LPG)（固定燃烧） | 5,661 | 4,696 | 3,087 | 2,550 | 1,628
道路柴油（移动燃烧） | 1,015 | 1,088 | 948 | 955 | 801
汽油（移动燃烧） | 1,962 | 1,838 | 1,835 | 1,703 | 1,112
液化石油气(LPG)（移动燃烧） | 534 | 273 | 240 | 188 | 260
压缩天然气(CNG)（移动燃烧） | 1 | — | — | — | —
航空煤油（移动燃烧） | 956 | 734 | — | 1,064 | 930
总计 | 120,107 | 144,929 | 125,041 | 111,257 | 126,548
2015/16财年 | 2016/17财年 | 2017/18财年 | 2018/19财年 | 2019/20财年
按市场划分的全球温室气体排放量
（基于地点）（公吨二氧化碳当量）
范围1
巴西 | 474.14 | 2,442.77 | 13.14 | 20 | 340
中国大陆 | 3,904.16 | 3,275.32 | 3,765.29 | 3,860 | 3,190
德国 | 441.60 | 459.70 | 667.35 | 1,047 | 652
印度 | 81.97 | 62.26 | 54.06 | 45 | 84
日本 | 324.05 | 325.32 | 322.30 | 268 | 191
墨西哥 | 101.71 | 73.32 | 73.39 | 80 | 625
中国台湾 | 0 | 0 | 0 | 177 | 0
美国 | 1,278.68 | 1,210.76 | 1,129.80 | 254 | 2,484
世界其它地区18 | 461.33 | 444.54 | 345.54 | 279 | 200